$MeshFormat
2.2 0 8
$EndMeshFormat
$Nodes
493
1 0 0 0
2 5 0 0
3 5 1 0
4 0 1 0
5 0.06238335290660946 0 0
6 0.1253400775784589 0 0
7 0.1888764372989996 0 0
8 0.2529977676038321 0 0
9 0.3177083569065801 0 0
10 0.3830113926912076 0 0
11 0.448908905549793 0 0
12 0.5154016845691644 0 0
13 0.5824892284866978 0 0
14 0.6501696832029061 0 0
15 0.7184397396586244 0 0
16 0.7872946132030573 0 0
17 0.8567280393443114 0 0
18 0.9267320847046331 0 0
19 0.9972972155011554 0 0
20 1.068412268455891 0 0
21 1.140064297087126 0 0
22 1.21223871696181 0 0
23 1.284919178664322 0 0
24 1.358087573859045 0 0
25 1.431724096728727 0 0
26 1.505807259096515 0 0
27 1.580313851969904 0 0
28 1.655219063919333 0 0
29 1.730496545443655 0 0
30 1.806118392873302 0 0
31 1.882055323263799 0 0
32 1.958276736265986 0 0
33 2.034750811244234 0 0
34 2.111444647461499 0 0
35 2.188324371062427 0 0
36 2.265355294934926 0 0
37 2.342502056061381 0 0
38 2.419728774418345 0 0
39 2.496999200587398 0 0
40 2.574276893337095 0 0
41 2.651525376991887 0 0
42 2.728708306397242 0 0
43 2.80578963685558 0 0
44 2.882733778704894 0 0
45 2.959505756249487 0 0
46 3.036071361347429 0 0
47 3.112397279050128 0 0
48 3.188451260988431 0 0
49 3.26420218724951 0 0
50 3.339620234478951 0 0
51 3.414676960516516 0 0
52 3.489345380637626 0 0
53 3.563600055799226 0 0
54 3.637417143670523 0 0
55 3.710774462765619 0 0
56 3.783651507134592 0 0
57 3.856029534523667 0 0
58 3.927891470722468 0 0
59 3.999222033604823 0 0
60 4.07000762713767 0 0
61 4.140236374045076 0 0
62 4.209898101810119 0 0
63 4.278984251032105 0 0
64 4.347487891310354 0 0
65 4.415403659740615 0 0
66 4.482727640162072 0 0
67 4.549457452182979 0 0
68 4.61559202500919 0 0
69 4.681131647284436 0 0
70 4.746077895991046 0 0
71 4.810433443879123 0 0
72 4.874202224633032 0 0
73 4.937389083626043 0 0
74 5 0.06232243895246395 0
75 5 0.1290818233797766 0
76 5 0.2012445689961426 0
77 5 0.2799841850916452 0
78 5 0.3667398095395646 0
79 5 0.4632896398843503 0
80 5 0.5718394488100478 0
81 5 0.6951231697623331 0
82 5 0.8364989892678765 0
83 4.815147110615191 1 0
84 4.612205904607768 1 0
85 4.38970831334322 1 0
86 4.146602679142464 1 0
87 3.882557208681746 1 0
88 3.598310062662322 1 0
89 3.295994834019388 1 0
90 2.979326494597276 1 0
91 2.653518218085121 1 0
92 2.32485494451129 1 0
93 1.999975839389991 1 0
94 1.685052595404213 1 0
95 1.385104279460508 1 0
96 1.103619835194277 1 0
97 0.8425196208896857 1 0
98 0.6023689729224211 1 0
99 0.3827136164064697 1 0
100 0.1824261953478983 1 0
101 0 0.8371471127718779 0
102 0 0.6961386412374868 0
103 0 0.5730213606253958 0
104 0 0.4644957712125837 0
105 0 0.3678697901047779 0
106 0 0.2809667687354709 0
107 0 0.202028745805919 0
108 0 0.1296303620195695 0
109 0 0.06260747529338784 0
110 4.507003033844691 0.4812880510855856 0
111 0.4846499761518808 0.4870825186661332 0
112 0.9227368359081769 0.4608742183947751 0
113 4.078760867717604 0.4785559040260395 0
114 1.394905835293887 0.4336547268874308 0
115 1.841540733807704 0.4443298039665438 0
116 3.600508599734875 0.4348985864987793 0
117 3.192169885678816 0.4408706340768511 0
118 2.305698202811482 0.4516697760765054 0
119 2.816213539780886 0.3657456137634055 0
120 0.2386804347270108 0.241497757270695 0
121 4.762088983882675 0.2406143770438944 0
122 0.684304711430765 0.2818921128861042 0
123 4.31323607117123 0.2829529265833632 0
124 1.184920564916851 0.272379030024381 0
125 3.811047994221036 0.2731383953693302 0
126 1.616329390512328 0.2747296961925234 0
127 3.378740682355637 0.275105510370141 0
128 0.4774630760829766 0.2062072304830739 0
129 4.509880771241457 0.208547221305984 0
130 0.8895823568721542 0.2131785322599852 0
131 4.108132975717868 0.2131370831108903 0
132 2.071666337614879 0.2829294526622058 0
133 2.534580006615676 0.2716077468814812 0
134 2.991175089512757 0.2625964427926344 0
135 0.2374741976273325 0.4674129667301817 0
136 4.76202074349731 0.4675465076777572 0
137 1.395112519856818 0.2061770839249213 0
138 3.600305717769334 0.2067519390610325 0
139 1.843773962243692 0.2128846885731232 0
140 2.292586914242398 0.2264980606814608 0
141 0.3511529902267014 0.1470380787342581 0
142 4.639714874027241 0.1558109081759249 0
143 0.6153662023481865 0.1420209013884424 0
144 4.382410521587564 0.142529902411364 0
145 3.228287766409402 0.1793009370557265 0
146 0.1394681213807854 0.1452173956560634 0
147 4.277154990294942 0.6915451225002671 0
148 1.036276310171313 0.1368930590775858 0
149 0.7034014002042905 0.5325077464704259 0
150 3.960128546128154 0.137326407624585 0
151 4.860892511505345 0.1449526043914693 0
152 2.691402268527777 0.1698033888140781 0
153 0.2658076506207916 0.7387889030892194 0
154 0.7528671764308414 0.1327488448948446 0
155 4.244441176421113 0.1332049688050778 0
156 4.733130975803626 0.7310434083202924 0
157 2.854651212911183 0.1508948602474871 0
158 1.219317547142448 0.7018686128949078 0
159 1.241872113036001 0.1291223402051556 0
160 3.753942381862606 0.1294797699899847 0
161 3.7635588798748 0.6912855526052986 0
162 4.624419674368681 0.3389619763328633 0
163 0.3756135458046606 0.3376751565704216 0
164 2.556011339156466 0.5367023571524179 0
165 1.536846781233616 0.1291057217036372 0
166 3.444397306832848 0.1318822224047667 0
167 1.698746404773052 0.1314154048781756 0
168 1.990053816765367 0.1328921161824932 0
169 2.156076417440898 0.1343641572131794 0
170 0.550707949477196 0.7330558547106381 0
171 1.617420460021895 0.5066600955545502 0
172 0.1271967889810792 0.315460747307691 0
173 3.366235311035538 0.5127970556971766 0
174 4.873078178822253 0.3146667083013742 0
175 1.034979231715566 0.3013750541602187 0
176 3.961395041000547 0.3023071381539761 0
177 2.056558748857186 0.5467377400451804 0
178 2.900148905501074 0.6345152676901971 0
179 2.46716244025837 0.1319484972446146 0
180 3.074234320198778 0.1331581035932695 0
181 4.751673836746543 0.1071316931062721 0
182 0.2483790527437262 0.1096406199104713 0
183 0.8890154811984805 0.7271456149085368 0
184 4.307437949699671 0.4917015765911109 0
185 4.507915695923975 0.7177701246081664 0
186 0.8393380615079258 0.3763051503298752 0
187 4.168858456573669 0.3744106983104554 0
188 0.4817840066086792 0.115305081722651 0
189 4.51479514454765 0.1208746233106485 0
190 1.166903271306118 0.4484735853607138 0
191 3.829140957643909 0.4492531859563955 0
192 0.5484951998016749 0.3463845066434236 0
193 4.449566784845076 0.3476953634094034 0
194 0.8933334923201559 0.1223029403102693 0
195 4.103653781589754 0.1225926114789635 0
196 1.824114543586951 0.7591546738684398 0
197 1.417150880160386 0.6835629832030521 0
198 3.591788534229602 0.6893490219216381 0
199 4.050170487413888 0.7093408649596786 0
200 2.950104537073218 0.4453251844460673 0
201 3.197912022023275 0.733338260430439 0
202 1.133268962599632 0.1190942774110356 0
203 3.86285820385784 0.1194433801798532 0
204 3.331143438102396 0.123810279948095 0
205 1.395104001319071 0.1170012649077818 0
206 3.600314107382117 0.1173080613175811 0
207 1.844113492353373 0.1207897970092624 0
208 2.302201606543476 0.1248769328643089 0
209 2.565575294949083 0.1265635449236382 0
210 2.958824619459893 0.1208412914644576 0
211 0.157271768982358 0.6235346912604948 0
212 0.3600294520223359 0.6131721562530852 0
213 4.839495263832777 0.6251918176311329 0
214 0.09017421841416429 0.09066032173044769 0
215 0.1002732242964517 0.2353600717399534 0
216 4.909828954812546 0.09041598224474068 0
217 4.900050916226982 0.234774858727519 0
218 4.637381970398575 0.6048373398845767 0
219 2.253163554163563 0.7695887487850884 0
220 0.2445531449749709 0.3621685027743677 0
221 4.876913237934915 0.452434887212552 0
222 0.1226888331291591 0.4530365894930695 0
223 4.755562887773929 0.3617063169443465 0
224 0.6855947719329159 0.08278547113939438 0
225 3.113994304421055 0.2400767219057156 0
226 3.245648899929077 0.3035346506339535 0
227 4.311941573465857 0.08307717401116477 0
228 0.329304250838935 0.2406551219030191 0
229 0.7762643496400024 0.2311325534625116 0
230 4.666412477668388 0.2439861490693616 0
231 4.221057546166191 0.23179991963237 0
232 1.617766457944619 0.08648087939450228 0
233 2.768043618704437 0.09242386507492861 0
234 1.301485656140842 0.3301079835696537 0
235 2.073097729352867 0.0889458197221909 0
236 3.694175875359935 0.3310504278213994 0
237 1.489433924557752 0.3294576707067429 0
238 0.5922302077614021 0.244460181053519 0
239 3.501910476093352 0.33115348660974 0
240 4.411836936444304 0.2416685553115665 0
241 0.4026995375203524 0.08029164994386873 0
242 4.595833812056961 0.08058012264922787 0
243 2.423296320108469 0.3525611241665151 0
244 2.875290120746746 0.2728339999329817 0
245 1.74302130024249 0.3397269360006145 0
246 0.1498029836812882 0.06250899280073119 0
247 0.5485741522403353 0.07389477529610389 0
248 4.849887816399569 0.06252987373697461 0
249 4.449200680871449 0.07489368548726294 0
250 3.139616320632134 0.07388150331450211 0
251 1.945635447045067 0.3487942936483477 0
252 0.6613866879431709 0.4088723673980089 0
253 2.204641771777597 0.3427696144548478 0
254 0.9593086315885089 0.07372467162428187 0
255 4.037351846865354 0.07395261340298581 0
256 2.711073133957642 0.6124763586854923 0
257 2.547999172127195 0.7636004355774224 0
258 0.8220113262736837 0.06980548039631362 0
259 4.175067237927597 0.07003966308102017 0
260 0.3198934204545822 0.07868800814713006 0
261 4.682138047638763 0.08203038473057012 0
262 2.665052486084095 0.2986548291129274 0
263 0.3634823635936395 0.4719889151960029 0
264 4.16077102091251 0.5745458595275976 0
265 4.634356157752692 0.4746601603953944 0
266 0.0611016501135353 0.1601108204711271 0
267 4.419671914117579 0.5856502167228945 0
268 1.321824728116293 0.07259941486841992 0
269 4.939089457465013 0.1596156844063736 0
270 3.673779795440185 0.07279338704967869 0
271 1.466925668709398 0.07294378553912084 0
272 3.526341362657187 0.07347664911298935 0
273 1.77036338663747 0.07476768073636081 0
274 2.228621169738993 0.07651588605933535 0
275 1.918188918155421 0.07515083258412392 0
276 2.381149861161893 0.07601547260608554 0
277 2.03027133399373 0.7351371669452038 0
278 3.234442524317656 0.08594487212083191 0
279 0.1017518671837405 0.7358320291013152 0
280 4.876908051795749 0.7533842407584785 0
281 0.5836925088581964 0.5790609706871953 0
282 0.7136508987506307 0.6738347351637197 0
283 0.5389995424187635 0.175053249632192 0
284 0.4249648951102838 0.1528780881700509 0
285 1.293121932392989 0.5463646432637255 0
286 4.456024254367422 0.1566813028945874 0
287 4.572045407650732 0.1545662051434517 0
288 0.4139671675276024 0.8283886027518029 0
289 0.688376435412112 0.1919277194978077 0
290 1.054293512519347 0.5802771499794401 0
291 1.101493020710238 0.2193807842940045 0
292 4.309416876443237 0.1924738195664409 0
293 3.707793748281469 0.5474179734161119 0
294 2.844261707780237 0.06977008279213032 0
295 0.7528671764308417 0.06065763103459437 0
296 4.244441176421113 0.06085890028598812 0
297 2.690116841694565 0.06982110261661456 0
298 3.894705736590934 0.220017443134429 0
299 1.247737734204147 0.0551287291739968 0
300 3.748059233990335 0.05528013146236988 0
301 3.922067002697196 0.5952920919335537 0
302 1.541968732860068 0.05969634235095322 0
303 0.2806324847046966 0.176537958051474 0
304 0.2097934465604956 0.1706537253176997 0
305 3.450381921628382 0.05352232529135709 0
306 1.694043924011588 0.06063334937123732 0
307 1.071502163519472 0.07562074036579636 0
308 3.924822673870495 0.07585450341991973 0
309 1.9953422227563 0.06142991937036446 0
310 2.151047621940087 0.06202540314431221 0
311 4.537331080051119 0.3067249668869174 0
312 4.716679007241481 0.1725140964523791 0
313 0.4623403229812233 0.3028801413303526 0
314 3.059295716366282 0.3658730034508675 0
315 4.790250614381797 0.1698308272693649 0
316 4.35380337925692 0.3777929689767086 0
317 0.8278985633218066 0.1555646507338369 0
318 0.9276050440342138 0.3205851482113025 0
319 4.170470543564504 0.1541548492216643 0
320 4.070337207382183 0.3225433710037707 0
321 2.777181840722887 0.2310971958747414 0
322 1.326428868192767 0.1516209932045203 0
323 3.669160435928225 0.1520385618249522 0
324 1.46129874604903 0.1517671262370086 0
325 2.376670389394658 0.1590292657282293 0
326 3.530801556652222 0.1527348153546457 0
327 0.2181506861301124 0.05480407958953504 0
328 4.780405816169001 0.05424749883666641 0
329 0.9555352460894966 0.1550110052191311 0
330 0.8556336763454542 0.5833436575970252 0
331 4.045543270773319 0.1591166789784763 0
332 1.278230978635651 0.2332048621163229 0
333 1.775293529893641 0.1560032238690852 0
334 3.717460177186884 0.2338596517064842 0
335 2.388333853399209 0.6015322272536338 0
336 1.91225151700597 0.1565610847589807 0
337 4.596127977836908 0.8402540325976264 0
338 2.234577313431108 0.160674150478722 0
339 2.429013616556093 0.2357702433243276 0
340 1.719470403460618 0.2401585481485043 0
341 3.38035517873722 0.06104350715127571 0
342 4.387336023187321 0.8159418213812928 0
343 1.512504759126248 0.2336077751095815 0
344 3.482649288619627 0.2342552048768587 0
345 3.059367907029785 0.5759570046196845 0
346 2.174049628300062 0.2268208750712972 0
347 2.46013566467765 0.05413081109753282 0
348 0.6198009262906095 0.05921329727983649 0
349 4.37933535507764 0.05974790066950497 0
350 0.715092281787697 0.8444585813005073 0
351 2.529508438162348 0.06202647205029654 0
352 1.182321452085966 0.05945828112535095 0
353 3.813662406994204 0.05962931726723325 0
354 1.911293750850446 0.5918710596469277 0
355 1.621507837403095 0.6880879402986342 0
356 0.08558965248609907 0.543524290189189 0
357 3.345200506672564 0.3889506121596379 0
358 4.913755477297523 0.5430742670544821 0
359 1.965127395511996 0.2410879894459011 0
360 3.311458039182505 0.209371613747217 0
361 3.379251696386156 0.6933173223248745 0
362 3.073105364998068 0.05714268255242155 0
363 2.93286474393139 0.1974935733862021 0
364 0.1684849499910355 0.2343230620206769 0
365 2.545735173560053 0.3978888268491976 0
366 1.058299376219709 0.7482201373969214 0
367 1.601073494547718 0.3886073360670641 0
368 0.9909118682654972 0.224403930537038 0
369 3.30191121086423 0.0570462152634349 0
370 4.006707129598834 0.2257413536676879 0
371 4.831822642478025 0.2337114921973944 0
372 3.003810198288474 0.06156446118727538 0
373 0.2817239882259779 0.8919690677269075 0
374 2.609258564659514 0.06253898076476355 0
375 4.591634047501269 0.2347662378190839 0
376 2.921119767477191 0.05824468951350348 0
377 0.05645048261699959 0.3116080057895055 0
378 0.4087048560816764 0.2252027546525678 0
379 0.1386182835630683 0.8672895187815533 0
380 4.943673196995609 0.3106957561991612 0
381 4.877869590939508 0.8846664383883687 0
382 1.616944032841747 0.1825830042378207 0
383 2.804560426861361 0.8054357661551203 0
384 1.21240730758274 0.3646614621666238 0
385 1.119978465739766 0.3395878139118409 0
386 4.751898268599792 0.868224686677461 0
387 2.069552178105064 0.4116014161169274 0
388 0.2574244183969481 0.5840199429042549 0
389 3.148073312231607 0.162289105772338 0
390 1.488946899390234 0.8373050537967663 0
391 3.78349629463792 0.3655861774150963 0
392 3.876161740114065 0.3404963546259404 0
393 0.4574273221349205 0.3964002024412111 0
394 1.756915008961891 0.5755548192243696 0
395 2.607247772109248 0.2069986093858456 0
396 4.742125570318855 0.5835879316331262 0
397 4.165773138537557 0.8301398272004041 0
398 4.549477581213328 0.3936309334032507 0
399 4.407496612352787 0.4568256353571406 0
400 2.071678554164345 0.1845067350495446 0
401 0.4794736572976648 0.05389830139252472 0
402 4.518402945964223 0.05526968628942786 0
403 0.2857100484884447 0.304645558634153 0
404 3.238027305055998 0.5822698640739573 0
405 1.187957127979675 0.1946362588101799 0
406 0.5731755158490226 0.458384718717733 0
407 3.80800289874386 0.1951877280760163 0
408 4.714820086856321 0.3027992074793302 0
409 0.2009252983300147 0.3028883210667697 0
410 0.470051715233053 0.5957336762544887 0
411 4.920298027241369 0.3825798600244737 0
412 3.47218829215106 0.4428957169830134 0
413 4.249172564594447 0.3587741092368557 0
414 3.50534517560211 0.840152500435549 0
415 3.706549675360662 0.8415437994694546 0
416 1.338295156090713 0.8146523141335451 0
417 4.799306659336009 0.3022402063854139 0
418 0.07975426434723687 0.3835515941021954 0
419 0.7502677236929123 0.3520627077467707 0
420 0.8916227148462586 0.05316661846617299 0
421 4.105263373513091 0.05331697759259391 0
422 3.387845892892738 0.1906733448148328 0
423 4.527078359419635 0.5935036104990358 0
424 0.1922172453288145 0.1098729505836106 0
425 4.808181696278917 0.110607787884862 0
426 1.037749393537198 0.4085288283363819 0
427 0.4306338761746877 0.7076945399535924 0
428 1.476117513512178 0.5444624526849557 0
429 3.956310469425918 0.414741340949946 0
430 2.688510244914871 0.4517278582988195 0
431 0.1712981704116419 0.3867339281826811 0
432 3.948182724529759 0.8096574480240557 0
433 4.828123549695437 0.3876523590098399 0
434 1.395576988855574 0.3004327523581708 0
435 1.719769087060293 0.4516882146086148 0
436 0.7990390277421939 0.4610539903959854 0
437 3.599545835601113 0.307594397140261 0
438 2.433955225817785 0.4675536783845584 0
439 4.648361836146812 0.03976855693858583 0
440 2.202508606452658 0.5945613051756511 0
441 0.04652501437504375 0.04658218524940821 0
442 2.813210072245538 0.5019580565767964 0
443 0.3517833187009898 0.03949614863143319 0
444 4.953432795375212 0.04659803648492067 0
445 0.272197262879045 0.04781314947935195 0
446 4.612729765679531 0.7095217907338061 0
447 4.728285448765959 0.04868191533470173 0
448 4.197785013890583 0.4650305445092164 0
449 0.06607136488915399 0.6345800009314413 0
450 1.394782534188616 0.05057912377517104 0
451 3.600290492989847 0.0527156194960498 0
452 4.92999140910309 0.6356452274071621 0
453 2.522212399320648 0.1908141868915235 0
454 2.303955334205282 0.05349260803321759 0
455 2.319430381891461 0.324419536287084 0
456 4.691824034923001 0.3959134792255494 0
457 1.844167902656673 0.05414166206594939 0
458 0.3082861208263341 0.3946408574282287 0
459 0.8366115071494416 0.298652818402089 0
460 1.119113828749617 0.05083465978043655 0
461 3.877052857993735 0.05098544017340118 0
462 1.843810201585183 0.3173864919561406 0
463 2.174273882281605 0.4661541099205026 0
464 4.159018252997058 0.2943966417073972 0
465 1.279913927314629 0.4244547584326773 0
466 3.723023095131621 0.4256412702215565 0
467 0.6159621160438014 0.3132162974926532 0
468 3.154403991906869 0.3399035688859581 0
469 2.952112191710961 0.3385726327130747 0
470 3.011920806220029 0.182288793616859 0
471 0.9565891467172043 0.871305045215001 0
472 0.03739423973723177 0.09703693615459574 0
473 0.09484512939111278 0.03995029995611743 0
474 4.382110792929383 0.3125274535702605 0
475 4.961775732503482 0.09706260397150235 0
476 4.904948174969281 0.03990877849332719 0
477 0.04069894123294882 0.241497757270695 0
478 4.959495244736344 0.240614377043894 0
479 1.180956174299988 0.8505249207729988 0
480 2.636099689654915 0.1241958795001434 0
481 0.532969997624277 0.8811806077525897 0
482 3.519627696969783 0.5534459461402657 0
483 4.049532558840081 0.5981927489157122 0
484 1.961423263706212 0.4769974886070234 0
485 1.020181874667896 0.05048750940825575 0
486 4.479751483904421 0.2700297152715768 0
487 3.976296915719872 0.05064150513032772 0
488 0.5199660266769062 0.264934278177129 0
489 3.035296636899857 0.8220225349776098 0
490 0.3000144870324268 0.1279761662108334 0
491 0.172089774124379 0.534305696115438 0
492 1.509562725745599 0.4357478804474877 0
493 4.826862058576277 0.5343670822418101 0
$EndNodes
$Elements
988
1 15 2 0 1 1
2 15 2 0 2 2
3 15 2 0 3 3
4 15 2 0 4 4
5 1 2 0 1 1 5
6 1 2 0 1 5 6
7 1 2 0 1 6 7
8 1 2 0 1 7 8
9 1 2 0 1 8 9
10 1 2 0 1 9 10
11 1 2 0 1 10 11
12 1 2 0 1 11 12
13 1 2 0 1 12 13
14 1 2 0 1 13 14
15 1 2 0 1 14 15
16 1 2 0 1 15 16
17 1 2 0 1 16 17
18 1 2 0 1 17 18
19 1 2 0 1 18 19
20 1 2 0 1 19 20
21 1 2 0 1 20 21
22 1 2 0 1 21 22
23 1 2 0 1 22 23
24 1 2 0 1 23 24
25 1 2 0 1 24 25
26 1 2 0 1 25 26
27 1 2 0 1 26 27
28 1 2 0 1 27 28
29 1 2 0 1 28 29
30 1 2 0 1 29 30
31 1 2 0 1 30 31
32 1 2 0 1 31 32
33 1 2 0 1 32 33
34 1 2 0 1 33 34
35 1 2 0 1 34 35
36 1 2 0 1 35 36
37 1 2 0 1 36 37
38 1 2 0 1 37 38
39 1 2 0 1 38 39
40 1 2 0 1 39 40
41 1 2 0 1 40 41
42 1 2 0 1 41 42
43 1 2 0 1 42 43
44 1 2 0 1 43 44
45 1 2 0 1 44 45
46 1 2 0 1 45 46
47 1 2 0 1 46 47
48 1 2 0 1 47 48
49 1 2 0 1 48 49
50 1 2 0 1 49 50
51 1 2 0 1 50 51
52 1 2 0 1 51 52
53 1 2 0 1 52 53
54 1 2 0 1 53 54
55 1 2 0 1 54 55
56 1 2 0 1 55 56
57 1 2 0 1 56 57
58 1 2 0 1 57 58
59 1 2 0 1 58 59
60 1 2 0 1 59 60
61 1 2 0 1 60 61
62 1 2 0 1 61 62
63 1 2 0 1 62 63
64 1 2 0 1 63 64
65 1 2 0 1 64 65
66 1 2 0 1 65 66
67 1 2 0 1 66 67
68 1 2 0 1 67 68
69 1 2 0 1 68 69
70 1 2 0 1 69 70
71 1 2 0 1 70 71
72 1 2 0 1 71 72
73 1 2 0 1 72 73
74 1 2 0 1 73 2
75 1 2 0 2 2 74
76 1 2 0 2 74 75
77 1 2 0 2 75 76
78 1 2 0 2 76 77
79 1 2 0 2 77 78
80 1 2 0 2 78 79
81 1 2 0 2 79 80
82 1 2 0 2 80 81
83 1 2 0 2 81 82
84 1 2 0 2 82 3
85 1 2 0 3 3 83
86 1 2 0 3 83 84
87 1 2 0 3 84 85
88 1 2 0 3 85 86
89 1 2 0 3 86 87
90 1 2 0 3 87 88
91 1 2 0 3 88 89
92 1 2 0 3 89 90
93 1 2 0 3 90 91
94 1 2 0 3 91 92
95 1 2 0 3 92 93
96 1 2 0 3 93 94
97 1 2 0 3 94 95
98 1 2 0 3 95 96
99 1 2 0 3 96 97
100 1 2 0 3 97 98
101 1 2 0 3 98 99
102 1 2 0 3 99 100
103 1 2 0 3 100 4
104 1 2 0 4 4 101
105 1 2 0 4 101 102
106 1 2 0 4 102 103
107 1 2 0 4 103 104
108 1 2 0 4 104 105
109 1 2 0 4 105 106
110 1 2 0 4 106 107
111 1 2 0 4 107 108
112 1 2 0 4 108 109
113 1 2 0 4 109 1
114 2 2 0 1 173 117 357
115 2 2 0 1 436 252 419
116 2 2 0 1 119 244 469
117 2 2 0 1 181 312 261
118 2 2 0 1 143 224 289
119 2 2 0 1 144 292 227
120 2 2 0 1 112 186 318
121 2 2 0 1 10 11 241
122 2 2 0 1 67 68 242
123 2 2 0 1 147 267 185
124 2 2 0 1 113 320 187
125 2 2 0 1 12 13 247
126 2 2 0 1 65 66 249
127 2 2 0 1 127 239 357
128 2 2 0 1 154 289 224
129 2 2 0 1 155 227 292
130 2 2 0 1 85 342 337
131 2 2 0 1 142 261 312
132 2 2 0 1 143 289 238
133 2 2 0 1 159 202 352
134 2 2 0 1 93 277 219
135 2 2 0 1 160 353 203
136 2 2 0 1 144 240 292
137 2 2 0 1 157 321 233
138 2 2 0 1 18 19 254
139 2 2 0 1 59 60 255
140 2 2 0 1 152 233 321
141 2 2 0 1 163 228 378
142 2 2 0 1 12 247 401
143 2 2 0 1 117 226 357
144 2 2 0 1 66 402 249
145 2 2 0 1 162 375 230
146 2 2 0 1 11 401 241
147 2 2 0 1 67 242 402
148 2 2 0 1 84 85 337
149 2 2 0 1 175 291 385
150 2 2 0 1 166 204 341
151 2 2 0 1 176 392 298
152 2 2 0 1 183 330 290
153 2 2 0 1 159 352 299
154 2 2 0 1 175 368 291
155 2 2 0 1 149 406 252
156 2 2 0 1 147 184 267
157 2 2 0 1 85 397 342
158 2 2 0 1 147 199 264
159 2 2 0 1 160 300 353
160 2 2 0 1 112 290 330
161 2 2 0 1 176 298 370
162 2 2 0 1 18 254 420
163 2 2 0 1 60 421 255
164 2 2 0 1 86 432 397
165 2 2 0 1 157 294 376
166 2 2 0 1 14 15 224
167 2 2 0 1 63 64 227
168 2 2 0 1 404 117 173
169 2 2 0 1 157 376 210
170 2 2 0 1 163 378 313
171 2 2 0 1 149 252 436
172 2 2 0 1 128 284 188
173 2 2 0 1 146 215 266
174 2 2 0 1 129 189 287
175 2 2 0 1 119 469 200
176 2 2 0 1 147 264 184
177 2 2 0 1 162 311 375
178 2 2 0 1 151 269 217
179 2 2 0 1 488 128 283
180 2 2 0 1 148 307 202
181 2 2 0 1 126 245 367
182 2 2 0 1 150 203 308
183 2 2 0 1 145 226 225
184 2 2 0 1 124 385 291
185 2 2 0 1 146 364 215
186 2 2 0 1 128 188 283
187 2 2 0 1 48 49 278
188 2 2 0 1 129 286 189
189 2 2 0 1 113 187 448
190 2 2 0 1 125 298 392
191 2 2 0 1 179 351 209
192 2 2 0 1 149 281 406
193 2 2 0 1 42 43 233
194 2 2 0 1 151 217 371
195 2 2 0 1 455 140 339
196 2 2 0 1 27 28 232
197 2 2 0 1 180 225 470
198 2 2 0 1 345 314 117
199 2 2 0 1 33 34 235
200 2 2 0 1 229 459 419
201 2 2 0 1 48 278 250
202 2 2 0 1 200 314 345
203 2 2 0 1 111 410 263
204 2 2 0 1 145 278 204
205 2 2 0 1 141 228 303
206 2 2 0 1 112 318 426
207 2 2 0 1 147 185 342
208 2 2 0 1 154 229 289
209 2 2 0 1 110 193 398
210 2 2 0 1 210 372 180
211 2 2 0 1 231 413 464
212 2 2 0 1 135 263 388
213 2 2 0 1 122 238 289
214 2 2 0 1 155 292 231
215 2 2 0 1 199 397 432
216 2 2 0 1 113 429 320
217 2 2 0 1 92 93 219
218 2 2 0 1 142 312 230
219 2 2 0 1 79 358 221
220 2 2 0 1 104 222 356
221 2 2 0 1 250 278 389
222 2 2 0 1 123 292 240
223 2 2 0 1 153 379 279
224 2 2 0 1 142 242 261
225 2 2 0 1 141 260 241
226 2 2 0 1 146 214 246
227 2 2 0 1 143 238 283
228 2 2 0 1 148 202 291
229 2 2 0 1 151 248 216
230 2 2 0 1 183 471 350
231 2 2 0 1 144 286 240
232 2 2 0 1 219 335 257
233 2 2 0 1 150 298 203
234 2 2 0 1 190 285 290
235 2 2 0 1 136 396 265
236 2 2 0 1 185 337 342
237 2 2 0 1 132 253 387
238 2 2 0 1 114 428 285
239 2 2 0 1 239 412 357
240 2 2 0 1 93 94 196
241 2 2 0 1 92 219 257
242 2 2 0 1 141 378 228
243 2 2 0 1 422 204 166
244 2 2 0 1 164 256 257
245 2 2 0 1 142 230 375
246 2 2 0 1 191 301 293
247 2 2 0 1 166 341 305
248 2 2 0 1 94 355 196
249 2 2 0 1 6 7 246
250 2 2 0 1 89 201 361
251 2 2 0 1 107 266 477
252 2 2 0 1 238 488 283
253 2 2 0 1 442 200 178
254 2 2 0 1 71 72 248
255 2 2 0 1 76 478 269
256 2 2 0 1 107 108 266
257 2 2 0 1 129 240 286
258 2 2 0 1 75 76 269
259 2 2 0 1 79 221 411
260 2 2 0 1 143 348 224
261 2 2 0 1 144 227 349
262 2 2 0 1 104 418 222
263 2 2 0 1 120 303 228
264 2 2 0 1 47 48 250
265 2 2 0 1 112 436 186
266 2 2 0 1 212 263 410
267 2 2 0 1 110 265 423
268 2 2 0 1 85 86 397
269 2 2 0 1 137 434 332
270 2 2 0 1 158 285 197
271 2 2 0 1 172 377 215
272 2 2 0 1 93 196 277
273 2 2 0 1 175 426 318
274 2 2 0 1 138 334 437
275 2 2 0 1 190 290 426
276 2 2 0 1 159 405 202
277 2 2 0 1 110 399 193
278 2 2 0 1 121 230 312
279 2 2 0 1 161 198 293
280 2 2 0 1 160 203 407
281 2 2 0 1 174 217 380
282 2 2 0 1 133 365 243
283 2 2 0 1 242 439 261
284 2 2 0 1 176 320 429
285 2 2 0 1 112 426 290
286 2 2 0 1 130 317 194
287 2 2 0 1 165 382 343
288 2 2 0 1 215 377 477
289 2 2 0 1 130 368 318
290 2 2 0 1 172 215 364
291 2 2 0 1 131 195 319
292 2 2 0 1 154 317 229
293 2 2 0 1 117 468 226
294 2 2 0 1 122 229 419
295 2 2 0 1 241 260 443
296 2 2 0 1 154 258 317
297 2 2 0 1 217 478 380
298 2 2 0 1 155 319 259
299 2 2 0 1 131 320 370
300 2 2 0 1 86 87 432
301 2 2 0 1 155 231 319
302 2 2 0 1 156 218 396
303 2 2 0 1 152 297 233
304 2 2 0 1 139 462 340
305 2 2 0 1 152 321 262
306 2 2 0 1 137 343 434
307 2 2 0 1 153 388 212
308 2 2 0 1 191 429 301
309 2 2 0 1 174 371 217
310 2 2 0 1 119 262 321
311 2 2 0 1 124 332 234
312 2 2 0 1 123 413 231
313 2 2 0 1 94 390 355
314 2 2 0 1 153 211 388
315 2 2 0 1 138 437 344
316 2 2 0 1 89 361 414
317 2 2 0 1 130 194 329
318 2 2 0 1 188 401 247
319 2 2 0 1 307 148 485
320 2 2 0 1 212 388 263
321 2 2 0 1 308 487 150
322 2 2 0 1 189 249 402
323 2 2 0 1 125 236 334
324 2 2 0 1 243 455 339
325 2 2 0 1 113 301 429
326 2 2 0 1 131 331 195
327 2 2 0 1 148 254 485
328 2 2 0 1 147 397 199
329 2 2 0 1 178 200 345
330 2 2 0 1 186 436 419
331 2 2 0 1 188 241 401
332 2 2 0 1 150 487 255
333 2 2 0 1 146 304 364
334 2 2 0 1 167 340 382
335 2 2 0 1 126 343 382
336 2 2 0 1 453 179 209
337 2 2 0 1 189 402 242
338 2 2 0 1 145 360 226
339 2 2 0 1 146 266 214
340 2 2 0 1 157 363 244
341 2 2 0 1 156 396 213
342 2 2 0 1 168 400 359
343 2 2 0 1 145 389 278
344 2 2 0 1 151 371 315
345 2 2 0 1 151 216 269
346 2 2 0 1 15 295 224
347 2 2 0 1 470 210 180
348 2 2 0 1 153 373 379
349 2 2 0 1 63 227 296
350 2 2 0 1 134 470 225
351 2 2 0 1 79 80 358
352 2 2 0 1 103 104 356
353 2 2 0 1 218 423 265
354 2 2 0 1 169 346 400
355 2 2 0 1 153 212 427
356 2 2 0 1 16 17 258
357 2 2 0 1 101 102 279
358 2 2 0 1 61 62 259
359 2 2 0 1 140 325 339
360 2 2 0 1 218 265 396
361 2 2 0 1 122 289 229
362 2 2 0 1 81 82 280
363 2 2 0 1 215 477 266
364 2 2 0 1 157 244 321
365 2 2 0 1 141 284 378
366 2 2 0 1 148 291 368
367 2 2 0 1 183 350 282
368 2 2 0 1 142 375 287
369 2 2 0 1 123 231 292
370 2 2 0 1 217 269 478
371 2 2 0 1 194 420 254
372 2 2 0 1 133 243 339
373 2 2 0 1 150 370 298
374 2 2 0 1 159 299 268
375 2 2 0 1 140 253 346
376 2 2 0 1 139 359 462
377 2 2 0 1 195 255 421
378 2 2 0 1 183 290 366
379 2 2 0 1 160 270 300
380 2 2 0 1 180 389 225
381 2 2 0 1 197 285 428
382 2 2 0 1 119 321 244
383 2 2 0 1 14 224 348
384 2 2 0 1 153 279 211
385 2 2 0 1 132 359 400
386 2 2 0 1 13 348 247
387 2 2 0 1 154 295 258
388 2 2 0 1 64 349 227
389 2 2 0 1 65 249 349
390 2 2 0 1 10 241 443
391 2 2 0 1 145 204 360
392 2 2 0 1 126 382 340
393 2 2 0 1 155 259 296
394 2 2 0 1 68 439 242
395 2 2 0 1 245 435 367
396 2 2 0 1 156 280 386
397 2 2 0 1 143 247 348
398 2 2 0 1 173 482 361
399 2 2 0 1 144 349 249
400 2 2 0 1 126 340 245
401 2 2 0 1 186 419 459
402 2 2 0 1 126 237 343
403 2 2 0 1 179 347 351
404 2 2 0 1 156 213 280
405 2 2 0 1 180 372 362
406 2 2 0 1 165 271 302
407 2 2 0 1 127 344 239
408 2 2 0 1 97 350 471
409 2 2 0 1 43 294 233
410 2 2 0 1 27 232 302
411 2 2 0 1 166 305 272
412 2 2 0 1 177 440 277
413 2 2 0 1 136 433 221
414 2 2 0 1 23 24 268
415 2 2 0 1 42 233 297
416 2 2 0 1 54 55 270
417 2 2 0 1 199 483 264
418 2 2 0 1 119 200 442
419 2 2 0 1 132 400 346
420 2 2 0 1 28 306 232
421 2 2 0 1 135 222 431
422 2 2 0 1 187 464 413
423 2 2 0 1 33 235 309
424 2 2 0 1 234 332 434
425 2 2 0 1 130 229 317
426 2 2 0 1 29 30 273
427 2 2 0 1 34 310 235
428 2 2 0 1 280 381 386
429 2 2 0 1 25 26 271
430 2 2 0 1 19 485 254
431 2 2 0 1 52 53 272
432 2 2 0 1 131 319 231
433 2 2 0 1 194 317 258
434 2 2 0 1 59 255 487
435 2 2 0 1 145 225 389
436 2 2 0 1 35 36 274
437 2 2 0 1 236 437 334
438 2 2 0 1 188 247 283
439 2 2 0 1 137 332 322
440 2 2 0 1 111 406 281
441 2 2 0 1 195 259 319
442 2 2 0 1 89 489 201
443 2 2 0 1 37 38 276
444 2 2 0 1 168 275 309
445 2 2 0 1 164 257 335
446 2 2 0 1 7 327 246
447 2 2 0 1 31 32 275
448 2 2 0 1 189 286 249
449 2 2 0 1 91 92 257
450 2 2 0 1 135 431 220
451 2 2 0 1 188 284 241
452 2 2 0 1 138 323 334
453 2 2 0 1 136 223 433
454 2 2 0 1 137 322 205
455 2 2 0 1 122 252 467
456 2 2 0 1 6 246 473
457 2 2 0 1 189 242 287
458 2 2 0 1 113 448 264
459 2 2 0 1 87 415 432
460 2 2 0 1 71 248 328
461 2 2 0 1 124 405 332
462 2 2 0 1 138 206 323
463 2 2 0 1 157 210 363
464 2 2 0 1 149 282 281
465 2 2 0 1 139 340 333
466 2 2 0 1 72 476 248
467 2 2 0 1 125 334 407
468 2 2 0 1 137 205 324
469 2 2 0 1 127 226 360
470 2 2 0 1 216 248 476
471 2 2 0 1 138 326 206
472 2 2 0 1 159 268 322
473 2 2 0 1 141 241 284
474 2 2 0 1 4 101 379
475 2 2 0 1 160 323 270
476 2 2 0 1 134 244 363
477 2 2 0 1 3 381 82
478 2 2 0 1 245 340 462
479 2 2 0 1 159 332 405
480 2 2 0 1 167 306 273
481 2 2 0 1 142 287 242
482 2 2 0 1 137 324 343
483 2 2 0 1 214 473 246
484 2 2 0 1 169 310 274
485 2 2 0 1 160 407 334
486 2 2 0 1 253 463 387
487 2 2 0 1 132 346 253
488 2 2 0 1 149 330 282
489 2 2 0 1 138 344 326
490 2 2 0 1 129 486 240
491 2 2 0 1 124 234 384
492 2 2 0 1 165 324 271
493 2 2 0 1 132 251 359
494 2 2 0 1 166 272 326
495 2 2 0 1 134 225 314
496 2 2 0 1 156 446 218
497 2 2 0 1 192 467 252
498 2 2 0 1 125 391 236
499 2 2 0 1 87 88 415
500 2 2 0 1 152 262 395
501 2 2 0 1 120 228 403
502 2 2 0 1 199 432 301
503 2 2 0 1 121 408 230
504 2 2 0 1 90 91 383
505 2 2 0 1 237 434 343
506 2 2 0 1 163 393 263
507 2 2 0 1 154 224 295
508 2 2 0 1 162 230 408
509 2 2 0 1 139 333 207
510 2 2 0 1 155 296 227
511 2 2 0 1 126 367 237
512 2 2 0 1 239 344 437
513 2 2 0 1 163 403 228
514 2 2 0 1 143 283 247
515 2 2 0 1 190 384 465
516 2 2 0 1 140 455 253
517 2 2 0 1 139 207 336
518 2 2 0 1 144 249 286
519 2 2 0 1 47 250 362
520 2 2 0 1 16 258 295
521 2 2 0 1 62 296 259
522 2 2 0 1 135 220 458
523 2 2 0 1 140 346 338
524 2 2 0 1 158 290 285
525 2 2 0 1 172 431 418
526 2 2 0 1 9 260 445
527 2 2 0 1 69 447 261
528 2 2 0 1 122 419 252
529 2 2 0 1 130 329 368
530 2 2 0 1 184 413 316
531 2 2 0 1 140 338 208
532 2 2 0 1 140 208 325
533 2 2 0 1 191 466 391
534 2 2 0 1 161 301 432
535 2 2 0 1 168 336 275
536 2 2 0 1 190 465 285
537 2 2 0 1 192 406 393
538 2 2 0 1 162 265 398
539 2 2 0 1 131 370 331
540 2 2 0 1 178 489 383
541 2 2 0 1 174 411 433
542 2 2 0 1 15 16 295
543 2 2 0 1 161 293 301
544 2 2 0 1 62 63 296
545 2 2 0 1 135 491 222
546 2 2 0 1 136 221 493
547 2 2 0 1 43 44 294
548 2 2 0 1 13 14 348
549 2 2 0 1 64 65 349
550 2 2 0 1 194 254 329
551 2 2 0 1 198 482 293
552 2 2 0 1 41 42 297
553 2 2 0 1 139 336 359
554 2 2 0 1 184 264 448
555 2 2 0 1 153 427 288
556 2 2 0 1 195 331 255
557 2 2 0 1 167 273 333
558 2 2 0 1 90 383 489
559 2 2 0 1 193 399 316
560 2 2 0 1 9 443 260
561 2 2 0 1 69 261 439
562 2 2 0 1 128 313 378
563 2 2 0 1 136 456 223
564 2 2 0 1 204 278 369
565 2 2 0 1 184 448 413
566 2 2 0 1 3 83 381
567 2 2 0 1 129 375 311
568 2 2 0 1 4 379 100
569 2 2 0 1 22 23 299
570 2 2 0 1 191 293 466
571 2 2 0 1 55 56 300
572 2 2 0 1 127 357 226
573 2 2 0 1 97 98 350
574 2 2 0 1 78 79 411
575 2 2 0 1 147 342 397
576 2 2 0 1 104 105 418
577 2 2 0 1 243 365 438
578 2 2 0 1 169 274 338
579 2 2 0 1 251 462 359
580 2 2 0 1 181 315 312
581 2 2 0 1 175 318 368
582 2 2 0 1 28 29 306
583 2 2 0 1 89 90 489
584 2 2 0 1 182 303 304
585 2 2 0 1 23 268 299
586 2 2 0 1 55 300 270
587 2 2 0 1 26 27 302
588 2 2 0 1 176 370 320
589 2 2 0 1 51 52 305
590 2 2 0 1 127 422 344
591 2 2 0 1 34 35 310
592 2 2 0 1 17 420 258
593 2 2 0 1 148 329 254
594 2 2 0 1 61 259 421
595 2 2 0 1 32 33 309
596 2 2 0 1 110 267 399
597 2 2 0 1 166 344 422
598 2 2 0 1 150 255 331
599 2 2 0 1 163 263 458
600 2 2 0 1 172 364 409
601 2 2 0 1 70 71 328
602 2 2 0 1 7 8 327
603 2 2 0 1 102 449 279
604 2 2 0 1 165 302 232
605 2 2 0 1 162 408 456
606 2 2 0 1 29 273 306
607 2 2 0 1 26 302 271
608 2 2 0 1 52 272 305
609 2 2 0 1 81 280 452
610 2 2 0 1 1 441 109
611 2 2 0 1 132 387 251
612 2 2 0 1 1 5 441
613 2 2 0 1 49 369 278
614 2 2 0 1 2 444 73
615 2 2 0 1 2 74 444
616 2 2 0 1 179 276 347
617 2 2 0 1 83 84 386
618 2 2 0 1 98 99 481
619 2 2 0 1 35 274 310
620 2 2 0 1 158 197 416
621 2 2 0 1 192 252 406
622 2 2 0 1 32 309 275
623 2 2 0 1 198 361 482
624 2 2 0 1 133 262 365
625 2 2 0 1 162 456 265
626 2 2 0 1 95 96 479
627 2 2 0 1 116 293 482
628 2 2 0 1 168 309 235
629 2 2 0 1 167 232 306
630 2 2 0 1 133 395 262
631 2 2 0 1 161 415 198
632 2 2 0 1 179 325 276
633 2 2 0 1 181 261 447
634 2 2 0 1 182 445 260
635 2 2 0 1 171 355 428
636 2 2 0 1 211 279 449
637 2 2 0 1 170 281 282
638 2 2 0 1 163 458 403
639 2 2 0 1 174 417 371
640 2 2 0 1 50 51 341
641 2 2 0 1 169 235 310
642 2 2 0 1 38 347 276
643 2 2 0 1 130 459 229
644 2 2 0 1 157 233 294
645 2 2 0 1 24 450 268
646 2 2 0 1 213 452 280
647 2 2 0 1 54 270 451
648 2 2 0 1 114 234 434
649 2 2 0 1 131 231 464
650 2 2 0 1 38 39 347
651 2 2 0 1 99 288 481
652 2 2 0 1 184 399 267
653 2 2 0 1 25 271 450
654 2 2 0 1 53 451 272
655 2 2 0 1 114 434 237
656 2 2 0 1 108 472 266
657 2 2 0 1 75 269 475
658 2 2 0 1 116 437 236
659 2 2 0 1 164 430 256
660 2 2 0 1 135 458 263
661 2 2 0 1 152 480 297
662 2 2 0 1 8 9 445
663 2 2 0 1 69 70 447
664 2 2 0 1 96 97 471
665 2 2 0 1 30 457 273
666 2 2 0 1 177 277 354
667 2 2 0 1 116 239 437
668 2 2 0 1 159 322 332
669 2 2 0 1 219 277 440
670 2 2 0 1 99 100 373
671 2 2 0 1 20 460 307
672 2 2 0 1 170 410 281
673 2 2 0 1 58 308 461
674 2 2 0 1 31 275 457
675 2 2 0 1 160 334 323
676 2 2 0 1 36 454 274
677 2 2 0 1 88 89 414
678 2 2 0 1 193 311 398
679 2 2 0 1 37 276 454
680 2 2 0 1 134 469 244
681 2 2 0 1 39 40 351
682 2 2 0 1 218 446 423
683 2 2 0 1 94 95 390
684 2 2 0 1 117 404 345
685 2 2 0 1 153 288 373
686 2 2 0 1 214 266 472
687 2 2 0 1 105 106 377
688 2 2 0 1 101 279 379
689 2 2 0 1 77 78 380
690 2 2 0 1 20 21 460
691 2 2 0 1 216 475 269
692 2 2 0 1 46 47 362
693 2 2 0 1 57 58 461
694 2 2 0 1 21 22 352
695 2 2 0 1 56 57 353
696 2 2 0 1 192 393 313
697 2 2 0 1 82 381 280
698 2 2 0 1 119 430 262
699 2 2 0 1 201 489 345
700 2 2 0 1 122 467 238
701 2 2 0 1 111 263 393
702 2 2 0 1 111 281 410
703 2 2 0 1 136 265 456
704 2 2 0 1 114 285 465
705 2 2 0 1 123 240 474
706 2 2 0 1 20 307 485
707 2 2 0 1 225 226 468
708 2 2 0 1 172 418 377
709 2 2 0 1 58 487 308
710 2 2 0 1 22 299 352
711 2 2 0 1 183 282 330
712 2 2 0 1 56 353 300
713 2 2 0 1 174 380 411
714 2 2 0 1 120 304 303
715 2 2 0 1 51 305 341
716 2 2 0 1 205 271 324
717 2 2 0 1 167 333 340
718 2 2 0 1 205 322 268
719 2 2 0 1 45 46 372
720 2 2 0 1 206 326 272
721 2 2 0 1 110 423 267
722 2 2 0 1 206 270 323
723 2 2 0 1 121 312 315
724 2 2 0 1 192 488 238
725 2 2 0 1 262 430 365
726 2 2 0 1 223 456 408
727 2 2 0 1 110 398 265
728 2 2 0 1 44 376 294
729 2 2 0 1 41 297 374
730 2 2 0 1 40 41 374
731 2 2 0 1 116 466 293
732 2 2 0 1 193 240 486
733 2 2 0 1 161 432 415
734 2 2 0 1 180 362 250
735 2 2 0 1 106 477 377
736 2 2 0 1 194 258 420
737 2 2 0 1 19 20 485
738 2 2 0 1 77 380 478
739 2 2 0 1 119 442 430
740 2 2 0 1 58 59 487
741 2 2 0 1 366 479 471
742 2 2 0 1 49 50 369
743 2 2 0 1 201 345 404
744 2 2 0 1 195 421 259
745 2 2 0 1 256 383 257
746 2 2 0 1 44 45 376
747 2 2 0 1 246 327 424
748 2 2 0 1 248 425 328
749 2 2 0 1 102 103 449
750 2 2 0 1 80 81 452
751 2 2 0 1 222 418 431
752 2 2 0 1 111 393 406
753 2 2 0 1 178 345 489
754 2 2 0 1 207 333 273
755 2 2 0 1 208 276 325
756 2 2 0 1 165 343 324
757 2 2 0 1 166 326 344
758 2 2 0 1 207 275 336
759 2 2 0 1 115 245 462
760 2 2 0 1 146 246 424
761 2 2 0 1 221 433 411
762 2 2 0 1 112 330 436
763 2 2 0 1 169 338 346
764 2 2 0 1 148 368 329
765 2 2 0 1 187 413 448
766 2 2 0 1 118 335 440
767 2 2 0 1 220 403 458
768 2 2 0 1 39 351 347
769 2 2 0 1 165 232 382
770 2 2 0 1 182 260 490
771 2 2 0 1 150 331 370
772 2 2 0 1 151 425 248
773 2 2 0 1 170 282 350
774 2 2 0 1 170 427 410
775 2 2 0 1 167 382 232
776 2 2 0 1 11 12 401
777 2 2 0 1 66 67 402
778 2 2 0 1 115 462 251
779 2 2 0 1 50 341 369
780 2 2 0 1 116 412 239
781 2 2 0 1 208 338 274
782 2 2 0 1 118 455 243
783 2 2 0 1 115 251 484
784 2 2 0 1 106 107 477
785 2 2 0 1 76 77 478
786 2 2 0 1 120 403 409
787 2 2 0 1 211 491 388
788 2 2 0 1 129 287 375
789 2 2 0 1 192 238 467
790 2 2 0 1 173 412 482
791 2 2 0 1 46 362 372
792 2 2 0 1 197 428 355
793 2 2 0 1 128 378 284
794 2 2 0 1 185 423 446
795 2 2 0 1 40 374 351
796 2 2 0 1 202 405 291
797 2 2 0 1 178 256 442
798 2 2 0 1 168 359 336
799 2 2 0 1 179 339 325
800 2 2 0 1 213 396 493
801 2 2 0 1 108 109 472
802 2 2 0 1 74 75 475
803 2 2 0 1 193 474 240
804 2 2 0 1 205 268 450
805 2 2 0 1 203 298 407
806 2 2 0 1 205 450 271
807 2 2 0 1 206 451 270
808 2 2 0 1 168 235 400
809 2 2 0 1 113 264 483
810 2 2 0 1 206 272 451
811 2 2 0 1 169 400 235
812 2 2 0 1 115 354 394
813 2 2 0 1 123 316 413
814 2 2 0 1 17 18 420
815 2 2 0 1 60 61 421
816 2 2 0 1 45 372 376
817 2 2 0 1 141 490 260
818 2 2 0 1 163 313 393
819 2 2 0 1 180 250 389
820 2 2 0 1 121 417 408
821 2 2 0 1 118 253 455
822 2 2 0 1 162 398 311
823 2 2 0 1 170 288 427
824 2 2 0 1 182 304 424
825 2 2 0 1 207 273 457
826 2 2 0 1 120 364 304
827 2 2 0 1 207 457 275
828 2 2 0 1 171 394 355
829 2 2 0 1 129 311 486
830 2 2 0 1 128 488 313
831 2 2 0 1 114 465 234
832 2 2 0 1 123 474 316
833 2 2 0 1 181 447 328
834 2 2 0 1 124 291 405
835 2 2 0 1 146 424 304
836 2 2 0 1 220 409 403
837 2 2 0 1 181 328 425
838 2 2 0 1 181 425 315
839 2 2 0 1 182 424 327
840 2 2 0 1 208 274 454
841 2 2 0 1 208 454 276
842 2 2 0 1 179 453 339
843 2 2 0 1 182 327 445
844 2 2 0 1 251 387 484
845 2 2 0 1 173 361 404
846 2 2 0 1 125 407 298
847 2 2 0 1 116 236 466
848 2 2 0 1 149 436 330
849 2 2 0 1 68 69 439
850 2 2 0 1 95 479 416
851 2 2 0 1 9 10 443
852 2 2 0 1 172 409 431
853 2 2 0 1 151 315 425
854 2 2 0 1 182 490 303
855 2 2 0 1 118 438 335
856 2 2 0 1 220 431 409
857 2 2 0 1 24 25 450
858 2 2 0 1 121 315 371
859 2 2 0 1 53 54 451
860 2 2 0 1 5 6 473
861 2 2 0 1 72 73 476
862 2 2 0 1 114 237 492
863 2 2 0 1 196 354 277
864 2 2 0 1 30 31 457
865 2 2 0 1 36 37 454
866 2 2 0 1 174 433 417
867 2 2 0 1 135 388 491
868 2 2 0 1 156 386 337
869 2 2 0 1 130 318 459
870 2 2 0 1 223 408 417
871 2 2 0 1 115 435 245
872 2 2 0 1 84 337 386
873 2 2 0 1 136 493 396
874 2 2 0 1 193 316 474
875 2 2 0 1 96 471 479
876 2 2 0 1 209 480 395
877 2 2 0 1 134 314 469
878 2 2 0 1 99 373 288
879 2 2 0 1 131 464 320
880 2 2 0 1 223 417 433
881 2 2 0 1 113 483 301
882 2 2 0 1 100 379 373
883 2 2 0 1 118 243 438
884 2 2 0 1 210 470 363
885 2 2 0 1 202 307 460
886 2 2 0 1 185 267 423
887 2 2 0 1 203 461 308
888 2 2 0 1 141 303 490
889 2 2 0 1 173 357 412
890 2 2 0 1 152 395 480
891 2 2 0 1 164 335 438
892 2 2 0 1 204 369 341
893 2 2 0 1 156 337 446
894 2 2 0 1 178 383 256
895 2 2 0 1 170 481 288
896 2 2 0 1 171 367 435
897 2 2 0 1 256 430 442
898 2 2 0 1 115 484 354
899 2 2 0 1 192 313 488
900 2 2 0 1 225 468 314
901 2 2 0 1 118 463 253
902 2 2 0 1 8 445 327
903 2 2 0 1 158 366 290
904 2 2 0 1 171 492 367
905 2 2 0 1 193 486 311
906 2 2 0 1 103 356 449
907 2 2 0 1 70 328 447
908 2 2 0 1 124 384 385
909 2 2 0 1 186 459 318
910 2 2 0 1 80 452 358
911 2 2 0 1 211 356 491
912 2 2 0 1 197 355 390
913 2 2 0 1 125 392 391
914 2 2 0 1 184 316 399
915 2 2 0 1 187 320 464
916 2 2 0 1 209 351 374
917 2 2 0 1 213 493 358
918 2 2 0 1 78 411 380
919 2 2 0 1 185 446 337
920 2 2 0 1 91 257 383
921 2 2 0 1 204 422 360
922 2 2 0 1 210 376 372
923 2 2 0 1 164 438 365
924 2 2 0 1 105 377 418
925 2 2 0 1 171 428 492
926 2 2 0 1 120 409 364
927 2 2 0 1 133 339 453
928 2 2 0 1 115 394 435
929 2 2 0 1 198 414 361
930 2 2 0 1 209 395 453
931 2 2 0 1 121 371 417
932 2 2 0 1 21 352 460
933 2 2 0 1 57 461 353
934 2 2 0 1 177 354 484
935 2 2 0 1 175 385 426
936 2 2 0 1 177 387 463
937 2 2 0 1 127 360 422
938 2 2 0 1 199 301 483
939 2 2 0 1 176 429 392
940 2 2 0 1 171 435 394
941 2 2 0 1 222 491 356
942 2 2 0 1 219 440 335
943 2 2 0 1 221 358 493
944 2 2 0 1 170 350 481
945 2 2 0 1 200 469 314
946 2 2 0 1 197 390 416
947 2 2 0 1 134 363 470
948 2 2 0 1 212 410 427
949 2 2 0 1 211 449 356
950 2 2 0 1 297 480 374
951 2 2 0 1 196 355 394
952 2 2 0 1 213 358 452
953 2 2 0 1 198 415 414
954 2 2 0 1 201 404 361
955 2 2 0 1 196 394 354
956 2 2 0 1 83 386 381
957 2 2 0 1 202 460 352
958 2 2 0 1 190 426 385
959 2 2 0 1 203 353 461
960 2 2 0 1 191 392 429
961 2 2 0 1 237 367 492
962 2 2 0 1 109 441 472
963 2 2 0 1 190 385 384
964 2 2 0 1 74 475 444
965 2 2 0 1 117 314 468
966 2 2 0 1 183 366 471
967 2 2 0 1 234 465 384
968 2 2 0 1 191 391 392
969 2 2 0 1 114 492 428
970 2 2 0 1 116 482 412
971 2 2 0 1 236 391 466
972 2 2 0 1 73 444 476
973 2 2 0 1 5 473 441
974 2 2 0 1 118 440 463
975 2 2 0 1 164 365 430
976 2 2 0 1 133 453 395
977 2 2 0 1 214 472 441
978 2 2 0 1 158 479 366
979 2 2 0 1 216 444 475
980 2 2 0 1 98 481 350
981 2 2 0 1 158 416 479
982 2 2 0 1 216 476 444
983 2 2 0 1 95 416 390
984 2 2 0 1 177 463 440
985 2 2 0 1 214 441 473
986 2 2 0 1 209 374 480
987 2 2 0 1 88 414 415
988 2 2 0 1 177 484 387
$EndElements
//+
Field[1].F = "0.05+0.7*(sin((x+2.2)/3)^2*sin((y)^2)";
//+
Field[1].F = "0.05+0.7*(sin((x+2.2)/3)^2*sin((y))^2)";
//+
Field[1].F = "0.05+0.7*(sin((x+2.2)/2)^2*sin((y))^2)";
//+
Field[1].F = "0.05+0.7*(sin((x+1.2)/2)^2*sin((y))^2)";
//+
Field[1].F = "0.05+0.7*(sin((x+0.6)/2)^2*sin((y))^2)";
//+
Field[1].F = "0.05+0.7*(sin((x+0.6)/4)^2*sin((y))^4)";
//+
Field[1].F = "0.05+0.7*(sin((x+0.6)/4)^2*sin((y+0.5))^4)";
//+
Field[1].F = "0.05+0.7*(sin((x)/4)^2*sin((y+0.5))^4)";
//+
Field[1].F = "0.05+0.7*(sin((x)/2)^4*sin((y+0.5))^4)";
//+
Field[1].F = "0.05+0.7*(sin((x+1.25)/2)^4*sin((y+0.5))^4)";
//+
Field[1].F = "0.05+0.7*(sin((x+1.25)/2.4)^4*sin((y+0.5))^4)";
//+
Field[1].F = "0.05+0.7*(sin((x+1.5)/2.6)^4*sin((y+0.5))^4)";
//+
Field[1] = MathEval;
//+
Field[1].F = "0.2";
//+
Background Field = 1;
